03121232131221123213212332131312321232132132313123132131232112321123323121233213131232131232131213123132123321123213123232131123321312313122132112331231232112332312131231321321123312211233123212321313
31212321312211232132123321313123212321321323131231321312321123211233231212332131312321312321312131231321233211232131232321311233213123131221321123312312321123323121312313213211233122112331232123213132
32121321233211233232312132112331231321323213132312313213231213121312312321314032321123321232131213122131323132213132131231231321323211233123213131312213211233232312132131212331212332131221123321323132
21213212332112332323121321123312313213232131323123132132312131213123123213140323211233212321312131221313231322131321312312313213232112331232131313122132112332323121321312123312123321312211233213231322
31232131321323131231213123211232131312123323213232112312331221123213231231321213121232112331232312121312313232131313122131232112331221313212332131321324031221123321233213121232131232112331321312312131
12321313213231312312131232112321313121233232132321123123312211232132312313212131212321123312323121213123132321313131221312321123312213132123321313213240312211233212332131212321312321123313213123121312
12312132131212332213131212332131232131321313231323212132314012321312323121312321313231212112331221313231212321312123321211233123121312321232131213232211233131232131221123123213123213132321232121323131
23121321312123322131312123321312321313213132313232121323140123213123231213123213132312121123312213132312123213121233212112331231213123212321312132322112331312321312211231232131232131323212321213231312
23312321213212331232131123312321312132123312213132132312211232112331212332321403131221211233221313123132321123213212332131231231321321313212332212131231213131232112332323132112332321321321232112331212
33123212132123312321311233123213121321233122131321323122112321123312123323214031312212112332213131231323211232132123321312312313213213132123322121312312131312321123323231321123323213213212321123312123
32131321323122112312331221312211233213132312123212131231322112312331232131213123213121233132321213131232123321211233240323121323211233132132312123321321123323213123131323213122112331212321321313123122
21313213231221123123312213122112332131323121232121312313221123123312321312131232131212331323212131312321233212112332403231213232112331321323121233213211233232131231313232131221123312123213213131231221
33213231322132132313122131322131323121213123112332213213131232213131312321123323213211233121233213123213131231231321312131221313232312121323132313213123213131221123312123213132131231322132211233221123
32132313221321323131221313221313231212131231123322132131312322131313123211233232132112331212332131232131312312313213121312213132323121213231323132131232131312211233121232131321312313221322112332211233
33212132123321123321233232131312321321313231213212332213132131232131323221123123312321123213123121233213123213112331221321123312322131313221321321231232131212331232131232131313122132131321233122121123
32121321233211233212332321313123213213132312132123322131321312321313232211231233123211232131231212332131232131123312213211233123221313132213213212312321312123312321312321313131221321313212331221211233
13132313212131323132321322131213231213231312312132321123322112312331232121313231312213213121233231321211233232132311233221321123312321123312313232121321233121232131321312321123312123312213232131403213
31323132121313231323213221312132312132313123121323211233221123123312321213132313122132131212332313212112332321323112332213211233123211233123132321213212331212321313213123211233121233122132321314032131
33212131231313122132321313132131221123312321233213132132123322131221123313221312321123323132132321313132132401233221313213123221123213132313123213213132323121123312213221313213121233212321321312312112
32121312313131221323213131321312211233123212332131321321233221312211233132213123211233231321323213131321324012332213132131232211232131323131232132131323231211233122132213132131212332123213213123121123
12332321313231312214032131212332123213232131323121321313232312132112331221123323231321321323132132313123132121123323231321321323131232112331231213221311233122132321123321321231233232131221313123121312
23323213132313122140321312123321232132321313231213213132323121321123312211233232313213213231321323131231321211233232313213213231312321123312312132213112331221323211233213212312332321312213131231213123
13121231233122132112331212331221322131321312313121233213213212332131323123121321123323231213213131232131231321233213213131231231213121323221123312131212331232121313123221313121232131231213122131323211
31212312331221321123312123312213221313213123131212332132132123321313231231213211233232312132131312321312313212332132131312312312131213232211233121312123312321213131232213131212321312312131221313232112
21321233213231323212131312313232121312313211233121233123213221311233123213123213121312312131312123312321213121233131232131321323123211232131323231321403132321123213123123213121313231323213121233212131
13212332132313232121313123132321213123132112331212331232132213112331232131232131213123121313121233123212131212331312321313213231232112321313232313214031323211232131231232131213132313232131212332121313
21123313232112332213132132312213121313121233122132131212332312112332131231232112332131312313232132112332313232131312212131312313213123123121123213232131324032132123313123213232112332321123123312212131
11233132321123322131321323122131213131212331221321312123323121123321312312321123321313123132321321123323132321313122121313123132131231231211232132321313240321321233131232132321123323211231233122121313
23212321312321311233221312321313121312123312213123211232131212331231321213131221312311233123213213132211233123123121312313213211233212332131231212332112332131232211233231213232131312211233123121313213
32123213123213112332213123213131213121233122131232112321312123312313212131312213123112331232132131322112331231231213123132132112332123321312312123321123321312322112332312132321313122112331231213132132
21232132131323122131321233213123211233121232121321233123121321312123321313212332132123312321213132211233123123121403132321321313231321323211233231312321312321123123323213213231312132123312321321313212
12321321313231221313212332131232112331212321213212331231213213121233213132123321321233123212131322112331231231214031323213213132313213232112332313123213123211231233232132132313121321233123213213132123
33221211233231231213211233121233213123232131123312213213131231231213132131212331232121321233211233231221123321233213213123132123321211233212332321321312123321123324031231321211233221321232131312313122
32212112332312312132112331212332131232321311233122132131312312312131321312123312321213212332112332312211233212332132131231321233212112332123323213213121233211233240312313212112332213212321313123131221
13112332321213121233121321233122131221123313123213221311233213122131212312332213123213132131312313221312132123312213123213131312212131323221123123312321312132123312321321321233213132213132123312213221
31123323212131212331213212331221312211233131232132213112332131221312123123322131232131321313123132213121321233122131232131313122121313232211231233123213121321233123213213212332131322131321233122132211
32123211232131231312321312131231221123323132132321314031221123313123213132213122131123321312313123213213123132131321233122121123312123321323211233232123321213121233212332121123322131212332312132211233
21232112321312313123213121312312211233231321323213140312211233131232131322131221311233213123131232132131231321313212331221211233121233213232112332321233212131212332123321211233221312123323121322112332
32313213232211233132321211233121233123213121323131232131321312312321123213131212331232112332131231212321213123132321123312213132313214012321312123323212112332313221213132321123312313123213121323123132
23132132322112331323212112331212331232131213231312321313213123123211232131312123312321123321312312123212131231323211233122131323132140123213121233232121123323132212131323211233123131232131213231231321
13123123121323132132213112321312323121312132321313121233232121123312123321322131312123312321321232121323132213132123213213132313123213221313213231321312123312123321321313123232112331323211232132123312
31231231213231321322131123213123231213121323213131212332321211233121233213221313121233123213212321213231322131321232132131323131232132213132132313213121233121233213213131232321123313232112321321233122
33231212321312321313221123123322132131212331213231312213123211231233122132213112321323123121321123312123213212331232132131324031212321321313232321123312123321321321233231213213123121123312313122132132
32312123213123213132211231233221321312123312132313122131232112312331221322131123213231231213211233121232132123312321321313240312123213213132323211233121233213213212332312132131231211233123131221321321
32131313213123121312312123212112332312132312313213123213131232112331212332140312123321312213131212321323211233213123132123212132312131312323121323211231233213123213132312123321123321312312123321312321
21313132131231213123121232121123323121323123132131232131312321123312123321403121233213122131312123213232112332131231321232121323121313123231213232112312332131232131323121233211233213123121233213123211
23323121312132213212331212321312321123403122112332313213213212331321312312313213232112332123213221123323132121313121233213123221123123323213123211233132212132313123211233121232121323132123321323211233
33231213121322132123312123213123211234031221123323132132132123313213123123132132321123321232132211233231321213131212332131232211231233232131232112331322121323131232112331212321213231321233213232112331
32123213123231321322131312213131231321213231313123212132123312321123313213123123121213132213131232123213121233213123211231233213231232131123312321213121233132321322131313123213132132321123312123312321
21232131232313213221313122131312313212132313131232121321233123211233132131231231212131322131312321232131212332131232112312332132312321311233123212131212331323213221313131232131321323211233121233123213
31212331221322131312313211233213121233123213132131231221313212321322112312321312312123321312321123323213131312321321312313123121323211233121323131232132112332402112331232123213232112312332321312131231
12123312213221313123132112332131212331232131321312312213132123213221123123213123121233213123211233232131313123213213123131231213232112331213231312321321123324021123312321232132321123123323213121312313
21233123213221123403213132321233213221123323121213212331213123123121213132123321321233123213213131232211233231321211233231212332112321312313122121123321233122131321312312321123313221322112321313231231
12331232132211234032131323212332132211233231212132123312131231231212131321233213212331232132131312322112332313212112332312123321123213123131221211233212331221313213123123211233132213221123213132312312
33122132131312313123211232131231221123123312213232112321313123121232131321323212321312213131321312123312321321123312213231313123213232112332312131232131313122132213132132314012321323121232121313123123
31221321313123131232112321312312211231233122132321123213131231212321313213232123213122131313213121233123213211233122132313131232132321123323121312321313131221322131321323140123213231212321213131231231
13132321322112321312123321123321233122112331232131321323213132312321313123121313213123221311233221123323213121323211233232313211232131232131323122112312331232132312121313231213212331221321123312401232
31323213221123213121233211233212331221123312321313213232131323123213131231213132131232213112332211233232131213232112332323132112321312321313231221123123312321323121213132312132123312213211233124012321
12332123321321321233232112331322140322112331231321213212331213123131221323211233122131313123213212321312321123323213132313213213123132131212312331232121123323212321213123132321313122112331231321323132
23321233213213212332321123313221403221123312313212132123312131231312213232112331221313131232132123213123211233232131323132132131231321312123123312321211233232123212131231323213131221123312313213231321
21123321233232131232131123322131213123123211233131232121312313132132323121312321313221123312123213131232131232112321321233123132131232112340321123312123312213132131221313232123211233123213213231312321
11233212332321312321311233221312131231232112331312321213123131321323231213123213132211233121232131312321312321123213212331231321312321123403211233121233122131321312213132321232112331232132132313123211
12131323213131231322131213212332321211233232132313131232132112331212331221312213132321313121233211232131240323121211233122132123321312311233221211233123231213213132312213132123213123121322112331321323
21313232131312313221312132123323212112332321323131312321321123312123312213122131323213131212332112321312403231212112331221321233213123112332212112331232312132131323122131321232131231213221123313213231
21321313232313213213231321313212332131212331232132321313213131232123214031321312321233213232112332112331231312213211233232123321123213123132321322112312331221312213121321233213212331323213122131312123
13213132323132132132313213132123321312123312321323213132131312321232140313213123212332132321123321123312313122132112332321233211232131231323213221123123312213122131213212332132123313232131221313121233
12321313231212332121313123122131321233213132131212331232132211233212332121123322132313212321123213123213131231322121323132112331232312132131312213131231231321321323131323211233213122131312312312132213
23213132312123321213131231221313212332131321312123312321322112332123321211233221323132123211232131232131312313221213231321123312323121321313122131312312313213213231313232112332131221313123123121322131
12331322132112332213123131323212112332123312321321323132321313121233213221123123213232123321321323132321123312123213232112321123312323132121312123213131232123214032321313132321312123213123213121312123
23313221321123322131231313232121123321233123213213231323213131212332132211231232132321233213213231323211233121232132321123211233123231321213121232131312321232140323213131323213121232131232131213121233
12211233131221123312213122131313213221312313231321323213131312213122112331321312321323132123213232131313232121123312403231321321123321233213123231211233213221313122112331231231321321232121123323132132
22112331312211233122131221313132132213123132313213232131313122131221123313213123213231321232132321313132321211233124032313213211233212332131232312112332132213131221123312312313213212321211233231321323
31221123123312212112332321312123312213131231214012332321312321123312123213213131221312311233213123121233213221313131221213212332321313121232131232131313123213213132123213123221313121233212131231123323
12211231233122121123323213121233122131312312140123323213123211233121232132131312213123112332131231212332132213131312212132123323213131212321312321313131232132131321232131232213131212332121312311233232
31221312132321123312312123213132132312321123312123212112332321233213221123321312123313213121233123212131321233221322112332112332321232112321312213131231323211232131212331232121323121123312321123323212
12213121323211233123121232131321323123211233121232121123323212332132211233213121233132131212331232121313212332213221123321123323212321123213122131312313232112321312123312321213231211233123211233232123
21213231323121313213232213121323131312321312321123321313231212332131312321323213112321312401233221321123312313213121232132313232132112332312211231233221312321123312123213221123312312112321323132211233
12132313231213132132322131213231313123213123211233213132312123321313123213232131123213124012332213211233123132131212321323132321321123323122112312332213123211233121232132211233123121123213231322112332
12131221123312211233132321123321323122112332313211233213123121232132213132131312123312321321321233213212312331221322131123312321312321313212332121123322131212332123321312211233123121213123132131321233
21312211233122112331323211233213231221123323132112332131231212321322131321313121233123213213212332132123123312213221311233123213123213132123321211233221312123321233213122112331231212131231321313212332
13123121232131232131312313212112332313221211233231213212331221213131212332131232123212131321233122132132313123211233212321312321123123322131221313123211233231211233213221321233212332132213132213131322
31231212321312321313123132121123323132212112332312132123312212131312123321312321232121313212331221321323131232112332123213123211231233221312213131232112332312112332132213212332123321322131322131313221
13123213132131212331232112332312121323132112331231231321312123321213132213121233131232132131231213131232131312123323214031221313131221213212332321311233122112331232132131212332112331232312121313232131
31232131321312123312321123323121213231321123312312313213121233212131322131212331312321321312312131312321313121233232140312213131312212132123323213112331221123312321321312123321123312323121213132321313
12332131321233232112331232121123312313213232132123313232132131312213132312123213121233213122112321312313213132123323213121312321323112331232121313232123213213131232123213232131321313121233122132132313
23321313212332321123312321211233123132132321321233132321321313122131323121232131212332131221123213123132131321233232131213123213231123312321213132321232132131312321232132321313213131212331221321323131
12313213213212332112332123321312313122121123312213132123312213231321323211232131231321123323212321213231312123212131312313221213131232132123123323211233213122131323221123313221401233213123212321321313
23132132132123321123321233213123131221211233122131321233122132313213232112321312313211233232123212132313121232121313123132212131312321321231233232112332131221313232211233132214012332131232123213213132
32131213123211233232313212112332213132313123213232131313232112332132321232132131231213131232132123312123213122131322112331312212112332123312212131231312213112331221213231323121213231321123312312213112
21312131232112332323132121123322131323131232132321313132321123321323212321321312312131312321321233121232131221313221123313122121123321233122121312313122131123312212132313231212132313211233123122131123
14031323213123211232132123313232121123321232132313221321313123213132123322132313213122112331321312123322112332132312321123123321323131232121123312313123213221123321313212332212112331212331232131321323
40313232131232112321321233132321211233212321323132213213131232131321233221323132131221123313213121233221123321323123211231233213231312321211233123131232132211233213132123322121123312123312321313213231
32313213213231322112331232112332123213213231323132112332131232131323121232132131322112331212331221312131232313213123211233121312323132132112331232112332312123321213132312313212132123213121231233122131
23132132132313221123312321123321232132132313231321123321312321313231212321321313221123312123312213121312323132131232112331213123231321321123312321123323121233212131323123132121321232131212312331221312
31312212112331232132313132213211233231231321323213131232131323121313213232321123313232131231212112332312131231231321123321312322131312312132321312132313132132313232132112332321123312123312321403231213
13122121123312321323131322132112332312313213232131312321313231213132132323211233132321312312121123323121312312313211233213123221313123121323213121323131321323132321321123323211233121233123214032312132
21322131322131321233212131212332321123123312321323132132321313213123131231321323211233132321213121233232112340313122131221123313221321313121232131212331232112321323213131231231321123213123213131231312
13221313221313212332121312123323211231233123213231321323213132131231312313213232112331323212131212332321123403131221312211233132213213131212321312123312321123213232131312312313211232131232131312313123
33213212321321123321233232131232131123213212321323121232131232112340123312321322131312131231212332131213221123323122131312312131231321321313212321312313232132131312312321123313122121321233232131323132
32132123213211233212332321312321311232132123213231212321312321123401233123213221313121312312123321312132211233231221313123121312313213213132123213123132321321313123123211233131221213212332321313231321
21323221313231321312321123213212331322131232112332313211233213232131323121232132112332123321323122131123312213131221123213123123211233221313231321401233221312321123321321233211233123231321123312321312
13232213132313213123211232132123313221312321123323132112332132321313231212321321123321233213231221311233122131312211232131231232112332213132313214012332213123211233213212332112331232313211233123213121
23213213131231321312312132312313213232131312321123312313213212332132321123123312321321123321232132213121233131232132213140123312213132132213131231322131232131323211233231213213231321233213211233123131
32132131312313213123121323123132132321313123211233123132132123321323211231233123213211233212321322131212331312321322131401233122131321322131312313221312321313232112332312132132313212332132112331231312
11232131212331232132131323121312323132121313121232132123312213123213132321123123312321403232131123312213213121233221123321233213212332132213121321233213212312331221321123321233232132213132321313131221
12321312123312321321313231213123231321213131212321321233122131232131323211231233123214032321311233122132131212332211233212332132123321322131213212332132123123312213211233212332321322131323213131312213
31231312211233213122132313131221322112332131323131232112321323132131231312213123211231233122131221313232112331312213213123132321311233123213123211233131232121323112331221213132123323213121312213132211
12313122112332131221323131312213221123321313231312321123213231321312313122131232112312331221312213132321123313122132131231323213112331232131232112331312321213231123312212131321233232131213122131322112
12312132131231321123312403131221323211233122131321233211233213121233221313213123213131221312313123121322131123322132112331232131231123312321323211233123132132112332312211231233123212132123321313121233
23121321312313211233124031312213232112331221313212332112332131212332213132131232131312213123131231213221311233221321123312321312311233123213232112331231321321123323122112312331232121321233213131212331
23231213221313221313231321213231322112312332321213123112332212131312312123213122112321321233213231123312213123211233211233123131221312213132313213121312323121312321123321312123312313212112331231322132
32312132213132213132313212132313221123123323212131231123322121313123121232131221123213212332132311233122131232112332112331231312213122131323132131213123231213123211233213121233123132121123312313221321
33221403213231313232131232112332211233123121312321311233232112332131231312321321313221123323121232121323131232131312312131212321313213122131321233221322131123213221123312321232112321312313123213232112
32214032132313132321312321123322112331231213123213112332321123321312313123213213132211233231212321213231312321313123121312123213132131221313212332213221311232132211233123212321123213123131232132321123
13213232313213221313121312313123213232112332112331231312321123312213232131313213123123121323213112321323121312312123213213131231221123123322140313122132211232132123313221323213131321312123312321213131
32132323132132213131213123131232132321123321123312313123211233122132321313132131231231213232131123213231213123121232132131312312211231233221403131221322112321321233132213232131313213121233123212131312
22112332131323231213213231312123213123211233132212131231312321123403132321322112331323213211233221312311233122112332132312321123313122132132123323211233123132131221311233123213123213132131231213132313
21123321313232312132132313121232131232112331322121312313123211234031323213221123313232132112332213123112331221123321323123211233131221321321233232112331231321312213112331232131232131321312312131323131
21313231221313231321213231213123131322132112332321323131322131232131123323213232112321312123321232131232131211233231212332131312321312321123213231211233231322131321323232131123322112332213213121233232
13132312213132313212132312131231313221321123323213231313221312321311233232132321123213121233212321312321312112332312123321313123213123211232132312112332313221313213232321311233221123322132131212332321
32121123312123323213123213132132313213131232312121321231233123213123211233122112312331221312213112331232131321323231321313213123123213112332321123321312321313123121233212112331212332321211233123132131
21211233121233232131232131321323132131312323121213212312331232131232112331221123123312213122131123312321313213232313213132131231232131123323211233213123213131231212332121123312123323212112331231321312
13132212131231321313123211233231322132312132321123312132403132321322112331213123232131321232131312321213231321313232321123313221313232121312313232112331221123123323213232131321232121312313123121321312
31322121312313213131232112332313221323121323211233121324031323213221123312131232321313212321313123212132313213132323211233132213132321213123132321123312211231233232132321313212321213123131231213213123
13122112332312312121313121232132123323213232112331221313132321312131232132123323132131221312131312312123213213123112332213211233123131232132112332323132121123323132131212332132123322131232131312321313
31221123323123121213131212321321233232132321123312213131323213121312321321233231321312213121313123121232132131231123322132112331231312321321123323231321211233231321312123321321233221312321313123213132
23212112332321312313213212331312321323213131312321323211232131212331323213213212332321123213131232312131212321312211233213121233132212112331232112332123312213213121233211233212332321123321312321232132
32121123323213123132132123313123213232131313123213232112321312123313232132132123323211232131312323121312123213122112332131212331322121123312321123321233122132131212332112332123323211233213123212321322
32132313221123312123213132213121322131323123213131323213221123313221213121233132212132313123213121123323121233213213212331221123123323213121321233221213132403122131313123211233213232321123312123321323
21323132211233121232131322131213221313231232131313232132211233132212131212331322121323131232131211233231212332132132123312211231233232131213212332212131324031221313131232112332132323211233121233213231
23321233221123213123212321213231322131321313121233123214021323131212321312321123321313232123213123132121313221312313122112331231213121322112332123323213211233231212332132132123312123213121322131312323
33212332211232131232123212132313221313213131212331232140213231312123213123211233213132321232131231321213132213123131221123312312131213221123321233232132112332312123321321321233121232131213221313123232
12321321313123231321213212332123211233213123232112312332213121312312213132321123123323213123211233131221213212340312321123323121321312123123323212112331212332321123213123122112331212321322112331312321
23213213131232313212132123321232112332131232321123123322131213123122131323211231233232131232112331312212132123403123211233231213213121231233232121123312123323211232131231221123312123213221123313123213
13231312321123312321313132321323213132123321313221321313121232131231312321123213231221314031312213211233121232131232123212132313122131313122121313232131323131221213231123312321321313232213112331232131
32313123211233123213131323213232131321233213132213213131212321312313123211232132312213140313122132112331212321312321232121323131221313131221213132321313231312212132311233123213213132322131123312321312
33231321321123312403212332121123312312132123312213221123321321231233122132213132321313123132131232131312313213213121232112331232123211233123213213231321313231213212332321323211233121233213213132123312
32313213211233124032123321211233123121321233122132211233213212312331221322131323213131231321312321313123132132131212321123312321232112331232132132313213132312132123323213232112331212332132131321233122
23121233213213132323121312213121321231233123211232132322131123312321213131232112331232123212132313121312312312132211231233123213211233123121233213211233221123321233123212132311233221321321233123211234
31212332132131323231213122131213212312331232112321323221311233123212131312321123312321232121323131213123123121322112312331232132112331231212332132112332211233212331232121323112332213213212331232112340
12212132123312313213122131211233123212332121312123312313213122131323121313213231221313121233213122112332132123312312131213123213131231221313121233214032211233132213123132132112332313213231213232123321
22121321233123132131221312112331232123321213121233123132131221313231213132132312213131212332131221123321321233123121312131232131312312213131212332140322112331322131231321321123323132132312132321233213
13112331221323213121312313212321213131231322131213232131312123312213122131403121232132132123321313123121233213213132321313231212332132131231213132312123213213212312332212112331232132313212321321123312
31123312213232131213123132123212131312313221312132321313121233122131221314031212321321321233213131231212332132131323213132312123321321312312131323121232132132123123322121123312321323132123213211233123
24031221311233123213121232132213131321312123321323121232132321311233221321323132112331231322132131323123213131231211233213121233123212112331212332131232312121313221312311233232121123323213132312312112
40312213112331232131212321322131313213121233213231212321323213112332213213231321123312313221321313231232131312312112332131212331232121123312123321312323121213132213123112332321211233232131323123121123
31321123312211233212332213123121312321123321321231233221323213112321323232131313122132131231123322132211232112332323132140211233123121233213132132313213231231213211233123123213132312131232131123323211
13211233122112332123322131231213123211233213212312332213232131123213232321313131221321312311233221322112321123323231321402112331231212332131321323132132312312132112331231232131323121312321311233232112
21232132123321321313123211233231231211233213221323131231321312321314032123321321313121232131221313231323213121232121323121123322131323121232131322132321312132123321313231323213132212131231321313231232
12321321233213213131232112332312312112332132213231312313213123213140321233213213131212321312213132313232131212321213231211233221313231212321313221323213121321233213132313232131322121312313213132312321
21123321323112332213232112331232112332123214021312123312313213122131312211233121233213121232132112331212332321312213131213231213212332321321313121233123213211233232132312131323132321213123132123213211
11233213231123322132321123312321123321232140213121233123132131221313122112331212332131212321321123312123323213122131312132312132123323213213131212331232132112332321323121313231323212131231321232132112
13213213212321313231312213221313132212112331232132313121312312123321312211233212321123213123211233212332213232131312321123312123213121232132321123213212312321312321232132112331221323132123321321313123
32132132123213132313122132213131322121123312321323131213123121233213122112332123211232131232112332123322132321313123211233121232131212321323211232132123123213123212321321123312213231321233213213131232
21123323121322112312331221123321312322131313122112321312312123321213132321313123212321313213121233122132131231323211233212321211233121233232132321313123121321123312321323131321323131232132321314012331
11233231213221123123312211233213123221313131221123213123121233212131323213131232123213132131212331221321312313232112332123212112331212332321323213131231213211233123213231313213231312321323213140123312
32131312313213123131221312211233213231123323213221313231213213123121123312312213131212332131232131123322132132123312213132313213132131212321323212321321123323211233212331232140312321123312313213213212
21313123132131231312213122112332132311233232132213132312132131231211233123122131312123321312321311233221321321233122131323132131321312123213232123213211233232112332123312321403123211233123132132132123
22112331231213213121232131212312331232131221313122112332123212131231312123321321313123121312123322131232112340123322131221313213231323213112332321321232132112332313213231322132321123323121312131231232
21123312312132131212321312123123312321312213131221123321232121312313121233213213131231213121233221312321123401233221312213132132313232131123323213212321321123323132132313221323211233231213121312312321
21321313231321322112331212331232112332212112331232131231312312131213123232131313123213121312312213132131312313221403123121123321312321123323212321323211231233232121123323213123121123323212321321323112
13213132313213221123312123312321123322121123312321312313123121312131232321313131232131213123122131321313123132214031231211233213123211233232123213232112312332321211233232131231211233232123213213231123
03131232121323131232112332112331212332321211233123121233213213121233123121321123323221123123312321321312313131232121312313213132322131321232112321312313122131213221123312312321311233123213221313212321
31312321213231312321123321123312123323212112331231212332132131212331231213211233232211231233123213213123131312321213123132131323221313212321123213123131221312132211233123123213112331232132213132123213
32131312322131312312132132313221311233232121312313132213211233232131321233232131322121313212332132321323131231321321313123123132131321323232131213132312123321123312213122112331213221312123313123213122
21313123221313123121321323132213112332321213123131322132112332321313212332321313221213132123321323213231312313213213131231231321313213232321312131323121233211233122131221123312132213121233131232131221
32312132131323121232112321312312321123213132321233213212321323211233213231312123321321123312321321233131221312131231221123321313212332321312312121123312321313231312321312132313123213121323123211234031
23121321313231212321123213123123211232131323212332132123213232112332132313121233213211233123213212331312213121312312211233213132123323213123121211233123213132313123213121323131232131213231232112340312
32131231312321123321323211233231212332131232112332131312323121321232132131322132313212321213231321313240313122132112332213212331312212132313122112312331221323211233221313121233213213231323132121123312
21312313123211233213232112332312123321312321123321313123231213212321321313221323132123212132313213132403131221321123322132123313122121323131221123123312213232112332213131212332132132313231321211233123
23323212131312123213231213123131232131232131321313212331232132312131232112332132123312131231312212112331212332212112331231321323123121312321123123321323132213213132403213212331312212131312213131212332
33232121313121232132312131231312321312321313213132123312321323121312321123321321233121312313122121123312123322121123312313213231231213123211231233213231322132131324032132123313122121313122131312123323
11231233123212131212331322121313123213123131312213213131232313213122112332131323123121312131240123312321323211233213121233131221312131231232131213131231323213231212112331231221313121233212131212312321
12312331232121312123313221213131232131231313122132131312323132131221123321313231231213121312401233123213232112332131212331312213121312312321312131312313232132312121123312312213131212332121312123123213
23323232112312332321213212332313213123213132132123312312132213132131321233221401233123213211233123213212331321312313123213221123312321123312123321323211233231321321312311233232132131312123323213121312
33232321123123323212132123323132131232131321321233123121322131321313212332214012331232132112331232132123313213123131232132211233123211233121233213232112332313213213123112332321321313121233232131213123
23213112332213213132323121123213122112331231231211233213122132313212332121123312321123312123312321403122112331212332131321312321313123131221321123321233221321323131231213211233221323131212321323213131
32131123322132131323231211232131221123312312312112332131221323132123321211233123211233121233123214031221123312123321313213123213131231312213211233212332213213231312312132112332213231312123213232131313
23213213131231213123213132312123321312123321312131221123323131232121313231212332131221123123321323121233213123213112331221213131232132123313221213231312211232131231312123321323211233211233212332321321
32132131312312131232131323121233213121233213121312211233231312321213132312123321312211231233213231212332131232131123312212131312321321233132212132313122112321312313121233213232112332112332123323213211
33231321321123312321313212332212132311233221211233121233122121312313122112312332321312321123322112331312213213231313122121321233211233231231213232112312321322112332313122112321323121233213213131231231
32313213211233123213132123322121323112332212112331212331221213123131221123123323213123211233221123313122132132313131221213212332112332312312132321123123213221123323131221123213231212332132131312312312
13132211233231213132131231312213123211233132321321123312213212332313212131321233221123321323122112331232112332123321123321312312123321123321323122112331323213123213140323211233121233213123211233131232
31322112332312131321312313122131232112331323213211233122132123323132121313212332211233213231221123312321123321233211233213123121233211233213231221123313232131232131403232112331212332131232112331312321
33221322131321323112331221312211233121232121313123123211233131232121323131231321211233123131232131321323232112332123321321323132211233132321312211232131312123323211232131232312132131312403213132313232
32213221313213231123312213122112331212321213131231232112331312321213231312313212112331231312321313213232321123321233213213231322112331323213122112321313121233232112321312323121321313124032131323132321
31221313132213132132123213231312321213131232312132131321232131231231321322112331321323132213122131323132112321312321123312323211233231214032131321233221123213232131312313123211233232121313232131231123
12213131322131321321232132313123212131312323121321313212321312312313213221123313213231322131221313231321123213123211233123232112332312140321313212332211232132321313123131232112332321213132321312311233
13112331221211233124032123213232112321313212331232112332131212332132313232132131312123322132211231233213232123321321123322132123123322131232131321312123123312321321123323121232121313123123213112331232
31123312212112331240321232132321123213132123312321123321312123321323132321321313121233221322112312332132321233213211233221321231233221312321313213121231233123213211233231212321213131231232131123312321
23121323211232132123321313121233122132313212132313122112321313123212321323121322112312321322131321233122132131231123322132131322132123123312213122112332312132131323131221213131232131212331221311233221
31213232112321321233213131212331221323132121323131221123213131232123213231213221123123213221313212331221321312311233221321313221321231233122131221123323121321313231312212131312321312123312213112332211
31212321323211231233213231232112331231321313123212132312112331231212321323213131213232123213211233232131323212321321321233213212312332321321123312321313231212332140323132132321313213231213121233132213
12123213232112312332132312321123312313213131232121323121123312312123213232131312132321232132112332321313232123213213212332132123123323213211233123213132312123321403231321323213132132312131212331322132
32131312321312213131232112312332211233213123132212131212332321313122112331231321321312123312312131232131321321233123121312213132131312123323213213123132321313121232112321312123323213221313231213213132
21313123213122131312321123123322112332131231322121312123323213131221123312313213213121233123121312321313213212331231213122131321313121233232132131231323213131212321123213121233232132213132312132131324
32123312321312321313123132131232112321312311233122132321123313122131232131123321321233232132321311233122132132313122112340312123321321123312213231211233121233122131231213132132211233212332321321313232
21233123213123213131231321312321123213123112331221323211233131221312321311233213212332321323213112331221321323131221123403121233213211233122132312112331212331221312312131321322112332123323213213132321
32112332312123213122112332123213232131213121233123121213131232123212112331231321323213121233132321321313231321321233122132112332323211233131232140313232132131323213231313221213131231213231231321322112
21123323121232131221123321232132321312131212331231212131312321232121123312313213232131212331323213213132313213212331221321123323232112331312321403132321321313232132313132212131312312132312313213221123
31232121123312321233213232112321323131213121233123213122112321312123312123213221123312312132131312323121312213132132123313122131321322112331231312321211233240323121321312123312213121313212331221313123
12321211233123212332132321123213231312131212331232131221123213121233121232132211233123121321313123231213122131321321233131221313213221123312313123212112332403231213213121233122131213132123312213131232
12331212332321312132211233231323211233213231321312323132131232112312332321312321123401233213123212321312321123213132321232132131323132212131231123312213221123123312212131212331221123213131212331221323
23312123323213121322112332313232112332132313213123231321312321123123323213123211234012332131232123213123211232131323212321321313231322121312311233122132211231233122121312123312211232131312123312213231
21123213123221123312211231233122140323132132321123321312123312312131221313123121123321323122112332321123123312321213121233212332132321312112331231212332132132311232131212331221312321313123211233212332
11232131232211233122112312331221403231321323211233213121233123121312213131231211233213231221123323211231233123212131212332123321323213121123312312123321321323112321312123312213123213131232112332123321
13132131212332212132313123213112331221213132123213122131212332312132213132131323212332131231213221312132313212321213131232132313121232132321123323121321313123211233123123121123321321233123211232132312
31321312123322121323131232131123312212131321232131221312123323121322131321313232123321312312132213121323132123212131312321323131212321323211233231213213131232112331231231211233213212331232112321323122
13213123132213131322131321323212321211233123231212131312323211233121233212132311233221321313122131212331231321211233231212321313213232321312131321233123213211233231323213121323212321321313123121312312
32131231322131313221313213232123212112331232312121313123232112331212332121323112332213213131221312123312313212112332312123213132132323213121313212331232132112332313232131213232123213213131231213123123
32321322112331323211232132312321123312123321312213132132123323211233231213121312313221211233123123213132312131231213122112312321322131323121233211233213232313212131212332131323213131231212321403131232
23213221123313232112321323123211233121233213122131321321233232112332312131213123132212112331231232131323121312312131221123123213221313231212332112332132323132121312123321313232131312312123214031312321
13213123112332321321123323213123121312313212321322112312331221213131231212332132112332322112331312213132131221312313132212131312403132321313213232112332312312132321123312321123313232131213123213131231
32131231123323213211233232131231213123132123213221123123312212131312312123321321123323221123313122131321312213123131322121313124031323213132132321123323123121323211233123211233132321312131232131312313
12332132321123323131232131231321213132313213212332131231231213213131232131321233122140321313123212321213121231233123211232132323211233132212112331212331221322112331212321312321311232132312132123312321
23321323211233231312321312313212131323132132123321312312312132131312321313212331221403213131232123212131212312331232112321323232112331322121123312123312213221123312123213123213112321323121321233123212
21123323212332132112332322131321233212131212331232131323121123312213221123321232132131323213231312313212131231312321123321313231323211232131232312132131312213231123312212131312403122131312313213123211
11233232123321321123323221313212332121312123312321313231211233122132211233212321321313232132313123132121312313123211233213132313232112321312323121321313122132311233122121313124031221313123132131232112
40323213112331221123213232312131221123213123131312213122112321313123121233213132321321123312313213123121232112321323232131312313213221123123322131221123213123112332321313213122131323123121321123312323
03232131123312211232132323121312211232131231313122131221123213131231212332131323213211233123132131231212321123213232321313123132132211231233221312211232131231123323213132131221313231231213211233123232
12321213131221323131312213213123132112331232321313212332132131323132321123321321233213232123213232131312312132131312312123321211233232112331231322121312123213121233131232132321123403213131212332321321
23212131312213231313122132131231321123312323213132123321321313231323211233213212332132321232132321313123121321313123121233212112332321123312313221213121232131212331312321323211234032131312123323213213
33221313123132112332213232131313213123213132323121213123131312213122131313213123231321321313212331232131221123123213231321312321232132321313221123123323211233221321313121233213123213131232123321403213
32213131231321123322132321313132131232131323231212131231313122131221313132131232313213213132123312321312211231232132313213123212321323213132211231233232112332213213131212332131232131312321233214032131
21322112321123312123323212132313213212332123321322112332213131231211233232132321311232131231321312123322121123312211233123231213121323123121211233123231213121312321313124031312321312211233132131231322
13221123211233121233232121323132132123321233213221123322131312312112332321323213112321312313213121233221211233122112331232312131213231231212112331232312131213123213131240313123213122112331321312313221
12131232112312321323123213132123212112331212331232132131231123312321123321323122131313213123231321312321313132321322112340323211231233221312321313123132112332132321232121312123322131312213112331232112
21312321123123213231232131321232121123312123312321321312311233123211233213231221313132131232313213123213131323213221123403232112312332213123213131231321123321323212321213121233221313122131123312321123
11233122121323131221123323211233212332112332321211233122131212312331221312211231232132313213212332213123211233132321321123312322131313232131232112312331221312131212331232131213123232112340312321313212
12331221213231312211233232112332123321123323212112331221312123123312213122112312321323132132123322131232112331323213211233123221313132321312321123123312213121312123312321312131232321123403123213132123
21313231211232132312321312112332123322131231321312211232131231402131323123132132321123313221123321312313122132131231213132321313123123121312132312313212131212331221313212321321313231321312313123213122
13132312112321323123213121123321233221312313213122112321312314021313231231321323211233132211233213123131221321312312131323213131231231213121323123132121312123312213132123213213132313213123131232131221
32131313123213123211233231213121312312131231212321321313232321313123132140312123212112332123213231221123321232112332321321323131232112332213131212332131231211233213232321313122131123312321213131231212
21313131232131232112332312131213123121312312123213213132323213131231321403121232121123321232132312211233212321123323213213231312321123322131312123321312312112332132323213131221311233123212131312312123
13232131321321232131312321233211233221321321233213131232312131221313131232121123312123321323131221213132123213123121232132131312321312313131221211233232213112331221123323212131323132132313122121323121
32321313213212321313123212332112332213213212332131312323121312213131312321211233121233213231312212131321232131231212321321313123213123131312212112332322131123312211233232121313231321323131221213231211
31221313221321123312321321232131312312312131312321312211233121323132213123213131323213121322131324012321312312123321211233221123312313232131231321322112331321312323213131322132123321312321123321312312
12213132213211233123213212321313123123121313123213122112331213231322131232131313232131213221313240123213123121233212112332211233123132321312313213221123313213123232131313221321233213123211233213123121
23313122112321321233232131213221123312312123321321313231213231213231312321321313232112331212331232131212321313213232131323221313131232131312213221312131212312332213211233231212332131221311232131212332
33131221123213212332321312132211233123121233213213132312132312132313123213213132321123312123312321312123213132132321313232213131312321313122132213121312123123322132112332312123321312213112321312123323
21313132321321233213232131321321231233213231231321213132403131232131232131313123213213131221323131322121323132211232131323132321321312313213121233231321213132123322132211233211233123231212132311233221
13131323213212332132321313213212312332132312313212131324031312321312321313131232132131312213231313221213231322112321313231323213213123132131212332313212131321233221322112332112331232312121323112332213
32313213132323132131232112331322112321312123323211233213232321123313221213131212332131212332213211233123221313132321123322132112331212332131232213112332213212332121313232131231123321321233123213221313
23132131323231321312321123313221123213121233232112332132323211233132212131312123321312123322132112331232213131323211233221321123312123321312322131123322132123321213132321312311233213212331232132213131
13123123121313213123132212112331232321311233232131213123232112332313211233232131321323213132312321123312313213232131313123213132131212321321233123212112331231312213213231322131211233123123121321123321
31231231213132131231322121123312323213112332321312131232321123323132112332321313213232131323123211233123132132321313131232131321312123213212331232121123312313122132132313221312112331231231213211233212
12112331232131212312332321321123312312123213122112331231321321123323213123131212321213231321123312313213121233123212131312313232121123322131323123121312213131322132131231312123211233213123211233231312
21123312321312123123323213211233123121232131221123312313213211233232131231312123212132313211233123132131212331232121313123132321211233221313231231213122131313221321312313121232112332131232112332313123
